---
build/images/html5_256.128.png: 2019-12-23 10:31:24.192869541 -05:00
build/images/leaf.350.png: 2019-12-23 10:31:37.295267164 -05:00
build/images/python_256.64.png: 2019-12-23 10:31:21.645515431 -05:00
build/images/toenail.png: 2019-01-07 19:55:29.052126031 -05:00
build/images/skull.jpg: 2019-01-07 19:55:29.001786170 -05:00
build/images/python_256.128.png: 2019-12-23 10:31:26.373811962 -05:00
build/images/petridish.380.png: 2019-12-23 10:31:40.930296384 -05:00
build/images/dna.png: 2019-01-07 19:55:28.950186488 -05:00
build/images/css3_256.128.png: 2019-12-23 10:31:54.350166708 -05:00
build/images/ai_256.png: 2019-04-16 11:06:05.218831400 -04:00
build/images/stye.380.png: 2019-12-23 10:32:01.643256607 -05:00
build/images/joomla_256.64.png: 2019-12-23 10:31:54.896601128 -05:00
build/images/joomla_256.128.png: 2019-12-23 10:32:27.113983410 -05:00
build/images/dna.380.png: 2019-12-23 10:32:36.399537565 -05:00
build/images/shigella.png: 2019-01-07 19:55:28.985906824 -05:00
build/images/joomla_256.png: 2019-01-07 19:55:28.960839719 -05:00
build/images/photoshop_256.128.png: 2019-12-23 10:32:28.712988563 -05:00
build/images/shingles.380.png: 2019-12-23 10:32:38.383258355 -05:00
build/images/skull_half.jpg: 2019-01-07 19:55:29.002601554 -05:00
build/images/petridish.png: 2019-01-07 19:55:28.974593502 -05:00
build/images/bust_square.jpg: 2019-01-07 19:55:28.942196346 -05:00
build/images/python_256.png: 2019-01-07 19:55:28.984640722 -05:00
build/images/photoshop_256.png: 2019-04-16 11:07:10.547091831 -04:00
build/images/il6.png: 2019-01-07 19:55:28.956370037 -05:00
build/images/ipad_lung_light.png: 2019-01-07 19:55:28.958284051 -05:00
build/images/cell.jpg: 2019-05-12 21:39:47.032742347 -04:00
build/images/js_256.png: 2019-01-07 19:55:28.962276610 -05:00
build/images/css3_256.png: 2019-01-07 19:55:28.944307601 -05:00
build/images/hand_pen.png: 2019-01-07 19:55:28.954397867 -05:00
build/images/js_256.64.png: 2019-12-23 10:33:55.570483325 -05:00
build/images/profile.600.jpg: 2019-12-23 10:33:55.692403881 -05:00
build/images/html5_256.64.png: 2019-12-23 10:33:55.520863974 -05:00
build/images/profile.jpg: 2019-01-07 19:55:28.982906424 -05:00
build/images/phone.png: 2019-04-17 20:23:05.910126062 -04:00
build/images/js_256.128.png: 2019-12-23 10:33:58.375706722 -05:00
build/images/ae_256.png: 2019-01-07 19:55:28.936114843 -05:00
build/images/bust_square.380.jpg: 2019-12-23 10:33:56.759861095 -05:00
build/images/css3_256.64.png: 2019-12-23 10:33:57.168232320 -05:00
build/images/ai_256.128.png: 2019-12-23 10:34:10.040528228 -05:00
build/images/leaf.png: 2019-01-07 19:55:28.967398896 -05:00
build/images/bubbles.png: 2019-01-07 19:55:28.940776930 -05:00
build/images/toenail.380.png: 2019-12-23 10:34:18.205005835 -05:00
build/images/syringe.380.png: 2019-12-23 10:34:17.263602252 -05:00
build/images/profile.300.jpg: 2019-12-23 10:34:17.654486936 -05:00
build/images/epithelium.png: 2019-01-07 19:55:28.951127572 -05:00
build/images/ai_256.64.png: 2019-12-23 10:34:30.055688486 -05:00
build/images/shingles.png: 2019-01-07 19:55:28.997592002 -05:00
build/images/phone.180.png: 2019-12-23 10:34:33.730274434 -05:00
build/images/syringe.png: 2019-01-07 19:55:29.014415164 -05:00
build/images/html5_256.png: 2019-01-07 19:55:28.955650009 -05:00
build/images/stye.png: 2019-01-07 19:55:29.009577778 -05:00
build/images/photoshop_256.64.png: 2019-12-23 10:35:00.839874504 -05:00
