---
build/images/html5_256.128.png: 2019-01-07 19:55:35.853018855 -05:00
build/images/leaf.350.png: 2019-01-07 19:55:46.536761872 -05:00
build/images/python_256.64.png: 2019-01-07 19:55:34.249455026 -05:00
build/images/toenail.png: 2019-01-07 19:55:29.052126031 -05:00
build/images/skull.jpg: 2019-01-07 19:55:29.001786170 -05:00
build/images/python_256.128.png: 2019-01-07 19:55:37.272546183 -05:00
build/images/petridish.380.png: 2019-01-07 19:55:49.778629668 -05:00
build/images/dna.png: 2019-01-07 19:55:28.950186488 -05:00
build/images/css3_256.128.png: 2019-01-07 19:56:01.307177527 -05:00
build/images/ai_256.png: 2019-01-07 19:55:28.937154426 -05:00
build/images/stye.380.png: 2019-01-07 19:56:08.486007900 -05:00
build/images/joomla_256.64.png: 2019-01-07 19:56:01.988556758 -05:00
build/images/joomla_256.128.png: 2019-01-07 19:56:30.988257651 -05:00
build/images/dna.380.png: 2019-01-07 19:56:37.429589597 -05:00
build/images/shigella.png: 2019-01-07 19:55:28.985906824 -05:00
build/images/joomla_256.png: 2019-01-07 19:55:28.960839719 -05:00
build/images/ae_256.64.png: 2019-01-07 19:56:31.389040404 -05:00
build/images/photoshop_256.128.png: 2019-01-07 19:56:33.120874291 -05:00
build/images/shingles.380.png: 2019-01-07 19:56:45.010096305 -05:00
build/images/skull_half.jpg: 2019-01-07 19:55:29.002601554 -05:00
build/images/petridish.png: 2019-01-07 19:55:28.974593502 -05:00
build/images/bust_square.jpg: 2019-01-07 19:55:28.942196346 -05:00
build/images/python_256.png: 2019-01-07 19:55:28.984640722 -05:00
build/images/photoshop_256.png: 2019-01-07 19:55:28.975846566 -05:00
build/images/il6.png: 2019-01-07 19:55:28.956370037 -05:00
build/images/ipad_lung_light.png: 2019-01-07 19:55:28.958284051 -05:00
build/images/js_256.png: 2019-01-07 19:55:28.962276610 -05:00
build/images/css3_256.png: 2019-01-07 19:55:28.944307601 -05:00
build/images/hand_pen.png: 2019-01-07 19:55:28.954397867 -05:00
build/images/js_256.64.png: 2019-01-07 19:57:33.720573667 -05:00
build/images/profile.600.jpg: 2019-01-07 19:57:47.885544500 -05:00
build/images/html5_256.64.png: 2019-01-07 19:57:47.588625983 -05:00
build/images/profile.jpg: 2019-01-07 19:55:28.982906424 -05:00
build/images/logo_color.70.png: 2019-01-07 19:57:47.738791675 -05:00
build/images/js_256.128.png: 2019-01-07 19:57:49.684181741 -05:00
build/images/ae_256.png: 2019-01-07 19:55:28.936114843 -05:00
build/images/bust_square.380.jpg: 2019-01-07 19:57:48.120684803 -05:00
build/images/css3_256.64.png: 2019-01-07 19:57:48.851717151 -05:00
build/images/logo_color.100.png: 2019-01-07 19:57:49.209713900 -05:00
build/images/ai_256.128.png: 2019-01-07 19:57:50.696732295 -05:00
build/images/leaf.png: 2019-01-07 19:55:28.967398896 -05:00
build/images/bubbles.png: 2019-01-07 19:55:28.940776930 -05:00
build/images/toenail.380.png: 2019-01-07 19:58:02.319637543 -05:00
build/images/syringe.380.png: 2019-01-07 19:58:00.073705759 -05:00
build/images/profile.300.jpg: 2019-01-07 19:58:00.453506490 -05:00
build/images/epithelium.png: 2019-01-07 19:55:28.951127572 -05:00
build/images/ai_256.64.png: 2019-01-07 19:58:12.724865851 -05:00
build/images/logo_color.png: 2019-01-07 19:55:28.968837294 -05:00
build/images/shingles.png: 2019-01-07 19:55:28.997592002 -05:00
build/images/syringe.png: 2019-01-07 19:55:29.014415164 -05:00
build/images/html5_256.png: 2019-01-07 19:55:28.955650009 -05:00
build/images/stye.png: 2019-01-07 19:55:29.009577778 -05:00
build/images/photoshop_256.64.png: 2019-01-07 19:58:35.158680154 -05:00
build/images/ae_256.128.png: 2019-01-07 19:58:40.364625226 -05:00
