---
build/images/html5_256.128.png: 2019-05-12 21:37:29.688199393 -04:00
build/images/leaf.350.png: 2019-05-12 21:37:42.450410176 -04:00
build/images/python_256.64.png: 2019-05-12 21:37:27.406318848 -04:00
build/images/toenail.png: 2019-01-07 19:55:29.052126031 -05:00
build/images/skull.jpg: 2019-01-07 19:55:29.001786170 -05:00
build/images/python_256.128.png: 2019-05-12 21:37:31.598594399 -04:00
build/images/petridish.380.png: 2019-05-12 21:37:45.638594609 -04:00
build/images/book.jpg: 2019-05-12 21:37:43.403535613 -04:00
build/images/dna.png: 2019-01-07 19:55:28.950186488 -05:00
build/images/css3_256.128.png: 2019-05-12 21:37:57.672937579 -04:00
build/images/ai_256.png: 2019-04-16 11:06:05.218831400 -04:00
build/images/stye.380.png: 2019-05-12 21:38:05.224340698 -04:00
build/images/joomla_256.64.png: 2019-05-12 21:37:58.233357107 -04:00
build/images/joomla_256.128.png: 2019-05-12 21:38:43.013222595 -04:00
build/images/dna.380.png: 2019-05-12 21:38:51.055179035 -04:00
build/images/shigella.png: 2019-01-07 19:55:28.985906824 -05:00
build/images/joomla_256.png: 2019-01-07 19:55:28.960839719 -05:00
build/images/western.jpg: 2019-05-12 21:38:44.074295991 -04:00
build/images/photoshop_256.128.png: 2019-05-12 21:38:45.744784801 -04:00
build/images/shingles.380.png: 2019-05-12 21:38:59.828155184 -04:00
build/images/skull_half.jpg: 2019-01-07 19:55:29.002601554 -05:00
build/images/petridish.png: 2019-01-07 19:55:28.974593502 -05:00
build/images/bust_square.jpg: 2019-01-07 19:55:28.942196346 -05:00
build/images/python_256.png: 2019-01-07 19:55:28.984640722 -05:00
build/images/photoshop_256.png: 2019-04-16 11:07:10.547091831 -04:00
build/images/il6.png: 2019-01-07 19:55:28.956370037 -05:00
build/images/ipad_lung_light.png: 2019-01-07 19:55:28.958284051 -05:00
build/images/cell.jpg: 2019-05-12 21:39:47.032742347 -04:00
build/images/js_256.png: 2019-01-07 19:55:28.962276610 -05:00
build/images/css3_256.png: 2019-01-07 19:55:28.944307601 -05:00
build/images/hand_pen.png: 2019-01-07 19:55:28.954397867 -05:00
build/images/js_256.64.png: 2019-05-12 21:40:11.526443618 -04:00
build/images/profile.600.jpg: 2019-05-12 21:40:11.682720692 -04:00
build/images/html5_256.64.png: 2019-05-12 21:40:11.367550518 -04:00
build/images/profile.jpg: 2019-01-07 19:55:28.982906424 -05:00
build/images/phone.png: 2019-04-17 20:23:05.910126062 -04:00
build/images/js_256.128.png: 2019-05-12 21:40:14.535966304 -04:00
build/images/Analysis.jpg: 2019-05-12 21:40:12.656585478 -04:00
build/images/ae_256.png: 2019-01-07 19:55:28.936114843 -05:00
build/images/bust_square.380.jpg: 2019-05-12 21:40:12.935397703 -04:00
build/images/css3_256.64.png: 2019-05-12 21:40:25.864560615 -04:00
build/images/ai_256.128.png: 2019-05-12 21:40:27.091158558 -04:00
build/images/leaf.png: 2019-01-07 19:55:28.967398896 -05:00
build/images/bubbles.png: 2019-01-07 19:55:28.940776930 -05:00
build/images/toenail.380.png: 2019-05-12 21:40:37.149446920 -04:00
build/images/syringe.380.png: 2019-05-12 21:40:35.349469040 -04:00
build/images/profile.300.jpg: 2019-05-12 21:40:35.791787090 -04:00
build/images/epithelium.png: 2019-01-07 19:55:28.951127572 -05:00
build/images/ai_256.64.png: 2019-05-12 21:40:48.925459982 -04:00
build/images/logo_color.png: 2019-01-07 19:55:28.968837294 -05:00
build/images/shingles.png: 2019-01-07 19:55:28.997592002 -05:00
build/images/phone.180.png: 2019-05-12 21:40:52.440168055 -04:00
build/images/syringe.png: 2019-01-07 19:55:29.014415164 -05:00
build/images/html5_256.png: 2019-01-07 19:55:28.955650009 -05:00
build/images/stye.png: 2019-01-07 19:55:29.009577778 -05:00
build/images/photoshop_256.64.png: 2019-05-12 21:41:20.250483569 -04:00
