---
build/images/html5_256.128.png: 2019-04-18 12:23:53.424088314 -04:00
build/images/leaf.350.png: 2019-04-18 12:24:04.961071384 -04:00
build/images/python_256.64.png: 2019-04-18 12:23:51.049336362 -04:00
build/images/toenail.png: 2019-01-07 19:55:29.052126031 -05:00
build/images/skull.jpg: 2019-01-07 19:55:29.001786170 -05:00
build/images/python_256.128.png: 2019-04-18 12:23:55.223059732 -04:00
build/images/petridish.380.png: 2019-04-18 12:24:08.525815556 -04:00
build/images/dna.png: 2019-01-07 19:55:28.950186488 -05:00
build/images/css3_256.128.png: 2019-04-18 12:24:22.319199488 -04:00
build/images/ai_256.png: 2019-04-16 11:06:05.218831400 -04:00
build/images/stye.380.png: 2019-04-18 12:24:31.044996626 -04:00
build/images/joomla_256.64.png: 2019-04-18 12:24:22.781479524 -04:00
build/images/joomla_256.128.png: 2019-04-18 12:24:59.733223035 -04:00
build/images/dna.380.png: 2019-04-18 12:25:08.109170440 -04:00
build/images/shigella.png: 2019-01-07 19:55:28.985906824 -05:00
build/images/joomla_256.png: 2019-01-07 19:55:28.960839719 -05:00
build/images/photoshop_256.128.png: 2019-04-18 12:25:01.193459425 -04:00
build/images/shingles.380.png: 2019-04-18 12:25:10.079249264 -04:00
build/images/skull_half.jpg: 2019-01-07 19:55:29.002601554 -05:00
build/images/petridish.png: 2019-01-07 19:55:28.974593502 -05:00
build/images/bust_square.jpg: 2019-01-07 19:55:28.942196346 -05:00
build/images/python_256.png: 2019-01-07 19:55:28.984640722 -05:00
build/images/photoshop_256.png: 2019-04-16 11:07:10.547091831 -04:00
build/images/il6.png: 2019-01-07 19:55:28.956370037 -05:00
build/images/ipad_lung_light.png: 2019-01-07 19:55:28.958284051 -05:00
build/images/js_256.png: 2019-01-07 19:55:28.962276610 -05:00
build/images/css3_256.png: 2019-01-07 19:55:28.944307601 -05:00
build/images/hand_pen.png: 2019-01-07 19:55:28.954397867 -05:00
build/images/js_256.64.png: 2019-04-18 12:26:08.740796687 -04:00
build/images/profile.600.jpg: 2019-04-18 12:26:23.360860974 -04:00
build/images/html5_256.64.png: 2019-04-18 12:26:23.093154276 -04:00
build/images/profile.jpg: 2019-01-07 19:55:28.982906424 -05:00
build/images/phone.png: 2019-04-17 20:23:05.910126062 -04:00
build/images/js_256.128.png: 2019-04-18 12:26:25.523747149 -04:00
build/images/ae_256.png: 2019-01-07 19:55:28.936114843 -05:00
build/images/bust_square.380.jpg: 2019-04-18 12:26:24.163562710 -04:00
build/images/css3_256.64.png: 2019-04-18 12:26:24.550010530 -04:00
build/images/ai_256.128.png: 2019-04-18 12:26:37.945123223 -04:00
build/images/leaf.png: 2019-01-07 19:55:28.967398896 -05:00
build/images/bubbles.png: 2019-01-07 19:55:28.940776930 -05:00
build/images/toenail.380.png: 2019-04-18 12:26:47.588681230 -04:00
build/images/syringe.380.png: 2019-04-18 12:26:46.489002434 -04:00
build/images/profile.300.jpg: 2019-04-18 12:26:46.854464733 -04:00
build/images/epithelium.png: 2019-01-07 19:55:28.951127572 -05:00
build/images/ai_256.64.png: 2019-04-18 12:26:59.163787522 -04:00
build/images/logo_color.png: 2019-01-07 19:55:28.968837294 -05:00
build/images/shingles.png: 2019-01-07 19:55:28.997592002 -05:00
build/images/phone.180.png: 2019-04-18 12:27:02.284963642 -04:00
build/images/syringe.png: 2019-01-07 19:55:29.014415164 -05:00
build/images/html5_256.png: 2019-01-07 19:55:28.955650009 -05:00
build/images/stye.png: 2019-01-07 19:55:29.009577778 -05:00
build/images/photoshop_256.64.png: 2019-04-18 12:27:26.780502849 -04:00
