---
build/images/html5_256.128.png: 2019-01-01 16:00:20.718232878 -05:00
build/images/leaf.350.png: 2019-01-01 16:00:32.081083464 -05:00
build/images/python_256.64.png: 2019-01-01 16:00:18.869019656 -05:00
build/images/toenail.png: 2018-12-31 14:13:13.902255274 -05:00
build/images/skull.jpg: 2018-12-31 14:13:13.897138010 -05:00
build/images/python_256.128.png: 2019-01-01 16:00:22.318459285 -05:00
build/images/petridish.380.png: 2019-01-01 16:00:35.398808436 -05:00
build/images/dna.png: 2018-12-31 14:13:13.871889629 -05:00
build/images/css3_256.128.png: 2019-01-01 16:00:47.702458795 -05:00
build/images/ai_256.png: 2018-12-31 14:13:13.864655491 -05:00
build/images/stye.380.png: 2019-01-01 16:00:55.240241540 -05:00
build/images/joomla_256.64.png: 2019-01-01 16:00:48.379819167 -05:00
build/images/joomla_256.128.png: 2019-01-01 16:01:18.712988094 -05:00
build/images/dna.380.png: 2019-01-01 16:01:25.863364955 -05:00
build/images/shigella.png: 2018-12-31 14:13:13.894371509 -05:00
build/images/joomla_256.png: 2018-12-31 14:13:13.878004310 -05:00
build/images/ae_256.64.png: 2019-01-01 16:01:19.135077703 -05:00
build/images/photoshop_256.128.png: 2019-01-01 16:01:20.970347041 -05:00
build/images/shingles.380.png: 2019-01-01 16:01:34.806401061 -05:00
build/images/skull_half.jpg: 2018-12-31 14:13:13.897439505 -05:00
build/images/petridish.png: 2018-12-31 14:13:13.885045720 -05:00
build/images/bust_square.jpg: 2018-12-31 14:13:13.867525665 -05:00
build/images/python_256.png: 2018-12-31 14:13:13.893455056 -05:00
build/images/photoshop_256.png: 2018-12-31 14:13:13.890365627 -05:00
build/images/il6.png: 2018-12-31 14:13:13.876370956 -05:00
build/images/ipad_lung_light.png: 2018-12-31 14:13:13.877262656 -05:00
build/images/js_256.png: 2018-12-31 14:13:13.878777168 -05:00
build/images/css3_256.png: 2018-12-31 14:13:13.868680035 -05:00
build/images/hand_pen.png: 2018-12-31 14:13:13.873104476 -05:00
build/images/js_256.64.png: 2019-01-01 16:02:36.373414829 -05:00
build/images/profile.600.jpg: 2019-01-01 16:02:53.534794337 -05:00
build/images/html5_256.64.png: 2019-01-01 16:02:53.140037135 -05:00
build/images/profile.jpg: 2018-12-31 14:13:13.892637099 -05:00
build/images/logo_color.70.png: 2019-01-01 16:02:53.321181549 -05:00
build/images/js_256.128.png: 2019-01-01 16:02:55.672441176 -05:00
build/images/ae_256.png: 2018-12-31 14:13:13.863370597 -05:00
build/images/bust_square.380.jpg: 2019-01-01 16:02:53.794036091 -05:00
build/images/css3_256.64.png: 2019-01-01 16:02:54.440284274 -05:00
build/images/logo_color.100.png: 2019-01-01 16:02:54.870249880 -05:00
build/images/ai_256.128.png: 2019-01-01 16:02:56.868727351 -05:00
build/images/leaf.png: 2018-12-31 14:13:13.882286810 -05:00
build/images/bubbles.png: 2018-12-31 14:13:13.866117365 -05:00
build/images/toenail.380.png: 2019-01-01 16:03:08.963972059 -05:00
build/images/syringe.380.png: 2019-01-01 16:03:06.192931607 -05:00
build/images/profile.300.jpg: 2019-01-01 16:03:06.640970226 -05:00
build/images/epithelium.png: 2018-12-31 14:13:13.872434346 -05:00
build/images/ai_256.64.png: 2019-01-01 16:03:20.514336355 -05:00
build/images/logo_color.png: 2018-12-31 14:13:13.882903982 -05:00
build/images/shingles.png: 2018-12-31 14:13:13.896292834 -05:00
build/images/syringe.png: 2018-12-31 14:13:13.900621359 -05:00
build/images/html5_256.png: 2018-12-31 14:13:13.873836005 -05:00
build/images/stye.png: 2018-12-31 14:13:13.899062952 -05:00
build/images/photoshop_256.64.png: 2019-01-01 16:03:45.663928681 -05:00
build/images/ae_256.128.png: 2019-01-01 16:03:52.078501709 -05:00
