---
build/images/html5_256.128.png: 2019-05-13 13:58:02.504184270 -04:00
build/images/leaf.350.png: 2019-05-13 13:58:13.110177943 -04:00
build/images/python_256.64.png: 2019-05-13 13:58:00.652433279 -04:00
build/images/toenail.png: 2019-01-07 19:55:29.052126031 -05:00
build/images/skull.jpg: 2019-01-07 19:55:29.001786170 -05:00
build/images/python_256.128.png: 2019-05-13 13:58:03.937591740 -04:00
build/images/petridish.380.png: 2019-05-13 13:58:16.276758980 -04:00
build/images/dna.png: 2019-01-07 19:55:28.950186488 -05:00
build/images/css3_256.128.png: 2019-05-13 13:58:28.063436031 -04:00
build/images/ai_256.png: 2019-04-16 11:06:05.218831400 -04:00
build/images/stye.380.png: 2019-05-13 13:58:34.577733220 -04:00
build/images/joomla_256.64.png: 2019-05-13 13:58:28.570818428 -04:00
build/images/joomla_256.128.png: 2019-05-13 13:58:58.595304621 -04:00
build/images/dna.380.png: 2019-05-13 13:59:07.093422968 -04:00
build/images/shigella.png: 2019-01-07 19:55:28.985906824 -05:00
build/images/joomla_256.png: 2019-01-07 19:55:28.960839719 -05:00
build/images/photoshop_256.128.png: 2019-05-13 13:59:00.065311858 -04:00
build/images/shingles.380.png: 2019-05-13 13:59:09.540455127 -04:00
build/images/skull_half.jpg: 2019-01-07 19:55:29.002601554 -05:00
build/images/petridish.png: 2019-01-07 19:55:28.974593502 -05:00
build/images/bust_square.jpg: 2019-01-07 19:55:28.942196346 -05:00
build/images/python_256.png: 2019-01-07 19:55:28.984640722 -05:00
build/images/photoshop_256.png: 2019-04-16 11:07:10.547091831 -04:00
build/images/il6.png: 2019-01-07 19:55:28.956370037 -05:00
build/images/ipad_lung_light.png: 2019-01-07 19:55:28.958284051 -05:00
build/images/cell.jpg: 2019-05-12 21:39:47.032742347 -04:00
build/images/js_256.png: 2019-01-07 19:55:28.962276610 -05:00
build/images/css3_256.png: 2019-01-07 19:55:28.944307601 -05:00
build/images/hand_pen.png: 2019-01-07 19:55:28.954397867 -05:00
build/images/js_256.64.png: 2019-05-13 14:00:32.825438889 -04:00
build/images/profile.600.jpg: 2019-05-13 14:00:32.941191218 -04:00
build/images/html5_256.64.png: 2019-05-13 14:00:32.700294136 -04:00
build/images/profile.jpg: 2019-01-07 19:55:28.982906424 -05:00
build/images/phone.png: 2019-04-17 20:23:05.910126062 -04:00
build/images/js_256.128.png: 2019-05-13 14:00:35.669652415 -04:00
build/images/ae_256.png: 2019-01-07 19:55:28.936114843 -05:00
build/images/bust_square.380.jpg: 2019-05-13 14:00:33.922835166 -04:00
build/images/css3_256.64.png: 2019-05-13 14:00:34.304598658 -04:00
build/images/ai_256.128.png: 2019-05-13 14:00:47.417125805 -04:00
build/images/leaf.png: 2019-01-07 19:55:28.967398896 -05:00
build/images/bubbles.png: 2019-01-07 19:55:28.940776930 -05:00
build/images/toenail.380.png: 2019-05-13 14:00:57.261045373 -04:00
build/images/syringe.380.png: 2019-05-13 14:00:55.962037522 -04:00
build/images/profile.300.jpg: 2019-05-13 14:00:56.344583409 -04:00
build/images/epithelium.png: 2019-01-07 19:55:28.951127572 -05:00
build/images/ai_256.64.png: 2019-05-13 14:01:08.296569055 -04:00
build/images/shingles.png: 2019-01-07 19:55:28.997592002 -05:00
build/images/phone.180.png: 2019-05-13 14:01:11.222102587 -04:00
build/images/syringe.png: 2019-01-07 19:55:29.014415164 -05:00
build/images/html5_256.png: 2019-01-07 19:55:28.955650009 -05:00
build/images/stye.png: 2019-01-07 19:55:29.009577778 -05:00
build/images/photoshop_256.64.png: 2019-05-13 14:01:37.976344437 -04:00
