---
build/images/html5_256.128.png: 2019-01-07 13:41:27.030083929 -05:00
build/images/leaf.350.png: 2019-01-07 13:41:38.759961625 -05:00
build/images/python_256.64.png: 2019-01-07 13:41:25.181887817 -05:00
build/images/toenail.png: 2019-01-04 22:17:29.526777013 -05:00
build/images/skull.jpg: 2019-01-04 22:17:29.519642440 -05:00
build/images/python_256.128.png: 2019-01-07 13:41:28.612925049 -05:00
build/images/petridish.380.png: 2019-01-07 13:41:42.806172685 -05:00
build/images/dna.png: 2019-01-04 22:17:29.493581279 -05:00
build/images/css3_256.128.png: 2019-01-07 13:41:55.427836437 -05:00
build/images/ai_256.png: 2019-01-04 22:17:29.487680439 -05:00
build/images/stye.380.png: 2019-01-07 13:42:03.206193015 -05:00
build/images/joomla_256.64.png: 2019-01-07 13:41:56.121366406 -05:00
build/images/joomla_256.128.png: 2019-01-07 13:42:26.274841365 -05:00
build/images/dna.380.png: 2019-01-07 13:42:32.863662843 -05:00
build/images/shigella.png: 2019-01-04 22:17:29.515474731 -05:00
build/images/joomla_256.png: 2019-01-04 22:17:29.499022976 -05:00
build/images/ae_256.64.png: 2019-01-07 13:42:26.692185572 -05:00
build/images/photoshop_256.128.png: 2019-01-07 13:42:28.445586665 -05:00
build/images/shingles.380.png: 2019-01-07 13:42:40.435965243 -05:00
build/images/skull_half.jpg: 2019-01-04 22:17:29.520119182 -05:00
build/images/petridish.png: 2019-01-04 22:17:29.506661002 -05:00
build/images/bust_square.jpg: 2019-01-04 22:17:29.489664745 -05:00
build/images/python_256.png: 2019-01-04 22:17:29.514351492 -05:00
build/images/photoshop_256.png: 2019-01-04 22:17:29.507686856 -05:00
build/images/il6.png: 2019-01-04 22:17:29.495968608 -05:00
build/images/ipad_lung_light.png: 2019-01-04 22:17:29.497628706 -05:00
build/images/js_256.png: 2019-01-04 22:17:29.499914236 -05:00
build/images/css3_256.png: 2019-01-04 22:17:29.490561519 -05:00
build/images/hand_pen.png: 2019-01-04 22:17:29.494637978 -05:00
build/images/js_256.64.png: 2019-01-07 13:43:35.782735164 -05:00
build/images/profile.600.jpg: 2019-01-07 13:43:53.238105971 -05:00
build/images/html5_256.64.png: 2019-01-07 13:43:52.882644754 -05:00
build/images/profile.jpg: 2019-01-04 22:17:29.511064396 -05:00
build/images/logo_color.70.png: 2019-01-07 13:43:53.165236436 -05:00
build/images/js_256.128.png: 2019-01-07 13:43:55.080582822 -05:00
build/images/ae_256.png: 2019-01-04 22:17:29.486880651 -05:00
build/images/bust_square.380.jpg: 2019-01-07 13:43:53.472770290 -05:00
build/images/css3_256.64.png: 2019-01-07 13:43:54.202528754 -05:00
build/images/logo_color.100.png: 2019-01-07 13:43:54.581075641 -05:00
build/images/ai_256.128.png: 2019-01-07 13:43:56.824016824 -05:00
build/images/leaf.png: 2019-01-04 22:17:29.502682941 -05:00
build/images/bubbles.png: 2019-01-04 22:17:29.488808833 -05:00
build/images/toenail.380.png: 2019-01-07 13:44:08.032459644 -05:00
build/images/syringe.380.png: 2019-01-07 13:44:05.899221322 -05:00
build/images/profile.300.jpg: 2019-01-07 13:44:06.254655552 -05:00
build/images/epithelium.png: 2019-01-04 22:17:29.494062646 -05:00
build/images/ai_256.64.png: 2019-01-07 13:44:18.445510505 -05:00
build/images/logo_color.png: 2019-01-04 22:17:29.503694467 -05:00
build/images/shingles.png: 2019-01-04 22:17:29.518345094 -05:00
build/images/syringe.png: 2019-01-04 22:17:29.524754728 -05:00
build/images/html5_256.png: 2019-01-04 22:17:29.495298265 -05:00
build/images/stye.png: 2019-01-04 22:17:29.522760654 -05:00
build/images/photoshop_256.64.png: 2019-01-07 13:46:00.551372581 -05:00
build/images/ae_256.128.png: 2019-01-07 13:46:07.843020444 -05:00
