---
build/images/html5_256.128.png: 2019-12-13 14:32:26.034885745 -05:00
build/images/leaf.350.png: 2019-12-13 14:32:37.901476778 -05:00
build/images/python_256.64.png: 2019-12-13 14:32:23.681053140 -05:00
build/images/toenail.png: 2019-01-07 19:55:29.052126031 -05:00
build/images/skull.jpg: 2019-01-07 19:55:29.001786170 -05:00
build/images/python_256.128.png: 2019-12-13 14:32:27.559770666 -05:00
build/images/petridish.380.png: 2019-12-13 14:32:41.233717747 -05:00
build/images/dna.png: 2019-01-07 19:55:28.950186488 -05:00
build/images/css3_256.128.png: 2019-12-13 14:32:53.153520291 -05:00
build/images/ai_256.png: 2019-04-16 11:06:05.218831400 -04:00
build/images/stye.380.png: 2019-12-13 14:33:00.264684805 -05:00
build/images/joomla_256.64.png: 2019-12-13 14:32:53.668263466 -05:00
build/images/joomla_256.128.png: 2019-12-13 14:33:25.688822483 -05:00
build/images/dna.380.png: 2019-12-13 14:33:40.114519260 -05:00
build/images/shigella.png: 2019-01-07 19:55:28.985906824 -05:00
build/images/joomla_256.png: 2019-01-07 19:55:28.960839719 -05:00
build/images/photoshop_256.128.png: 2019-12-13 14:33:28.833027179 -05:00
build/images/shingles.380.png: 2019-12-13 14:33:42.270232882 -05:00
build/images/skull_half.jpg: 2019-01-07 19:55:29.002601554 -05:00
build/images/petridish.png: 2019-01-07 19:55:28.974593502 -05:00
build/images/bust_square.jpg: 2019-01-07 19:55:28.942196346 -05:00
build/images/python_256.png: 2019-01-07 19:55:28.984640722 -05:00
build/images/photoshop_256.png: 2019-04-16 11:07:10.547091831 -04:00
build/images/il6.png: 2019-01-07 19:55:28.956370037 -05:00
build/images/ipad_lung_light.png: 2019-01-07 19:55:28.958284051 -05:00
build/images/cell.jpg: 2019-05-12 21:39:47.032742347 -04:00
build/images/js_256.png: 2019-01-07 19:55:28.962276610 -05:00
build/images/css3_256.png: 2019-01-07 19:55:28.944307601 -05:00
build/images/hand_pen.png: 2019-01-07 19:55:28.954397867 -05:00
build/images/js_256.64.png: 2019-12-13 14:34:59.985826387 -05:00
build/images/profile.600.jpg: 2019-12-13 14:35:00.316124098 -05:00
build/images/html5_256.64.png: 2019-12-13 14:34:59.975506707 -05:00
build/images/profile.jpg: 2019-01-07 19:55:28.982906424 -05:00
build/images/phone.png: 2019-04-17 20:23:05.910126062 -04:00
build/images/js_256.128.png: 2019-12-13 14:35:02.609249160 -05:00
build/images/ae_256.png: 2019-01-07 19:55:28.936114843 -05:00
build/images/bust_square.380.jpg: 2019-12-13 14:35:01.235699790 -05:00
build/images/css3_256.64.png: 2019-12-13 14:35:01.630181960 -05:00
build/images/ai_256.128.png: 2019-12-13 14:35:13.670998120 -05:00
build/images/leaf.png: 2019-01-07 19:55:28.967398896 -05:00
build/images/bubbles.png: 2019-01-07 19:55:28.940776930 -05:00
build/images/toenail.380.png: 2019-12-13 14:35:21.724025573 -05:00
build/images/syringe.380.png: 2019-12-13 14:35:20.779378835 -05:00
build/images/profile.300.jpg: 2019-12-13 14:35:21.159287845 -05:00
build/images/epithelium.png: 2019-01-07 19:55:28.951127572 -05:00
build/images/ai_256.64.png: 2019-12-13 14:35:32.492611506 -05:00
build/images/shingles.png: 2019-01-07 19:55:28.997592002 -05:00
build/images/phone.180.png: 2019-12-13 14:35:35.126474915 -05:00
build/images/syringe.png: 2019-01-07 19:55:29.014415164 -05:00
build/images/html5_256.png: 2019-01-07 19:55:28.955650009 -05:00
build/images/stye.png: 2019-01-07 19:55:29.009577778 -05:00
build/images/photoshop_256.64.png: 2019-12-13 14:36:01.359548039 -05:00
