---
build/images/html5_256.128.png: 2019-01-08 10:48:56.051551276 -05:00
build/images/leaf.350.png: 2019-01-08 10:49:09.272898549 -05:00
build/images/python_256.64.png: 2019-01-08 10:48:53.819376320 -05:00
build/images/toenail.png: 2019-01-07 19:55:29.052126031 -05:00
build/images/skull.jpg: 2019-01-07 19:55:29.001786170 -05:00
build/images/python_256.128.png: 2019-01-08 10:48:58.447106565 -05:00
build/images/petridish.380.png: 2019-01-08 10:49:13.136495772 -05:00
build/images/dna.png: 2019-01-07 19:55:28.950186488 -05:00
build/images/css3_256.128.png: 2019-01-08 10:49:29.598719998 -05:00
build/images/ai_256.png: 2019-01-07 19:55:28.937154426 -05:00
build/images/stye.380.png: 2019-01-08 10:49:38.390150758 -05:00
build/images/joomla_256.64.png: 2019-01-08 10:49:30.337571243 -05:00
build/images/joomla_256.128.png: 2019-01-08 10:50:05.891311425 -05:00
build/images/dna.380.png: 2019-01-08 10:50:14.885927486 -05:00
build/images/shigella.png: 2019-01-07 19:55:28.985906824 -05:00
build/images/joomla_256.png: 2019-01-07 19:55:28.960839719 -05:00
build/images/ae_256.64.png: 2019-01-08 10:50:06.298806571 -05:00
build/images/photoshop_256.128.png: 2019-01-08 10:50:08.179098106 -05:00
build/images/shingles.380.png: 2019-01-08 10:50:27.080648354 -05:00
build/images/skull_half.jpg: 2019-01-07 19:55:29.002601554 -05:00
build/images/petridish.png: 2019-01-07 19:55:28.974593502 -05:00
build/images/bust_square.jpg: 2019-01-07 19:55:28.942196346 -05:00
build/images/python_256.png: 2019-01-07 19:55:28.984640722 -05:00
build/images/photoshop_256.png: 2019-01-07 19:55:28.975846566 -05:00
build/images/il6.png: 2019-01-07 19:55:28.956370037 -05:00
build/images/ipad_lung_light.png: 2019-01-07 19:55:28.958284051 -05:00
build/images/js_256.png: 2019-01-07 19:55:28.962276610 -05:00
build/images/css3_256.png: 2019-01-07 19:55:28.944307601 -05:00
build/images/hand_pen.png: 2019-01-07 19:55:28.954397867 -05:00
build/images/js_256.64.png: 2019-01-08 10:51:27.682290341 -05:00
build/images/profile.600.jpg: 2019-01-08 10:51:43.659144768 -05:00
build/images/html5_256.64.png: 2019-01-08 10:51:43.454508917 -05:00
build/images/profile.jpg: 2019-01-07 19:55:28.982906424 -05:00
build/images/logo_color.70.png: 2019-01-08 10:51:43.568568957 -05:00
build/images/js_256.128.png: 2019-01-08 10:51:45.746609910 -05:00
build/images/ae_256.png: 2019-01-07 19:55:28.936114843 -05:00
build/images/bust_square.380.jpg: 2019-01-08 10:51:43.883392842 -05:00
build/images/css3_256.64.png: 2019-01-08 10:51:44.703014587 -05:00
build/images/logo_color.100.png: 2019-01-08 10:51:45.142837968 -05:00
build/images/ai_256.128.png: 2019-01-08 10:51:46.875067590 -05:00
build/images/leaf.png: 2019-01-07 19:55:28.967398896 -05:00
build/images/bubbles.png: 2019-01-07 19:55:28.940776930 -05:00
build/images/toenail.380.png: 2019-01-08 10:51:59.846632300 -05:00
build/images/syringe.380.png: 2019-01-08 10:51:57.156500664 -05:00
build/images/profile.300.jpg: 2019-01-08 10:51:57.547673938 -05:00
build/images/epithelium.png: 2019-01-07 19:55:28.951127572 -05:00
build/images/ai_256.64.png: 2019-01-08 10:52:11.647827841 -05:00
build/images/logo_color.png: 2019-01-07 19:55:28.968837294 -05:00
build/images/shingles.png: 2019-01-07 19:55:28.997592002 -05:00
build/images/syringe.png: 2019-01-07 19:55:29.014415164 -05:00
build/images/html5_256.png: 2019-01-07 19:55:28.955650009 -05:00
build/images/stye.png: 2019-01-07 19:55:29.009577778 -05:00
build/images/photoshop_256.64.png: 2019-01-08 10:52:37.452128943 -05:00
build/images/ae_256.128.png: 2019-01-08 10:52:43.861400710 -05:00
