---
build/images/html5_256.128.png: 2019-01-04 22:17:39.494721148 -05:00
build/images/leaf.350.png: 2019-01-04 22:17:50.244206439 -05:00
build/images/python_256.64.png: 2019-01-04 22:17:37.835459525 -05:00
build/images/toenail.png: 2019-01-04 22:17:29.526777013 -05:00
build/images/skull.jpg: 2019-01-04 22:17:29.519642440 -05:00
build/images/python_256.128.png: 2019-01-04 22:17:41.010746307 -05:00
build/images/petridish.380.png: 2019-01-04 22:17:53.480913483 -05:00
build/images/dna.png: 2019-01-04 22:17:29.493581279 -05:00
build/images/css3_256.128.png: 2019-01-04 22:18:05.462512042 -05:00
build/images/ai_256.png: 2019-01-04 22:17:29.487680439 -05:00
build/images/stye.380.png: 2019-01-04 22:18:12.790234204 -05:00
build/images/joomla_256.64.png: 2019-01-04 22:18:06.147440079 -05:00
build/images/joomla_256.128.png: 2019-01-04 22:18:36.128912228 -05:00
build/images/dna.380.png: 2019-01-04 22:18:42.690051381 -05:00
build/images/shigella.png: 2019-01-04 22:17:29.515474731 -05:00
build/images/joomla_256.png: 2019-01-04 22:17:29.499022976 -05:00
build/images/ae_256.64.png: 2019-01-04 22:18:36.550203294 -05:00
build/images/photoshop_256.128.png: 2019-01-04 22:18:38.314846127 -05:00
build/images/shingles.380.png: 2019-01-04 22:18:50.370671381 -05:00
build/images/skull_half.jpg: 2019-01-04 22:17:29.520119182 -05:00
build/images/petridish.png: 2019-01-04 22:17:29.506661002 -05:00
build/images/bust_square.jpg: 2019-01-04 22:17:29.489664745 -05:00
build/images/python_256.png: 2019-01-04 22:17:29.514351492 -05:00
build/images/photoshop_256.png: 2019-01-04 22:17:29.507686856 -05:00
build/images/il6.png: 2019-01-04 22:17:29.495968608 -05:00
build/images/ipad_lung_light.png: 2019-01-04 22:17:29.497628706 -05:00
build/images/js_256.png: 2019-01-04 22:17:29.499914236 -05:00
build/images/css3_256.png: 2019-01-04 22:17:29.490561519 -05:00
build/images/hand_pen.png: 2019-01-04 22:17:29.494637978 -05:00
build/images/js_256.64.png: 2019-01-04 22:19:39.262220274 -05:00
build/images/profile.600.jpg: 2019-01-04 22:19:53.340414818 -05:00
build/images/html5_256.64.png: 2019-01-04 22:19:53.089375824 -05:00
build/images/profile.jpg: 2019-01-04 22:17:29.511064396 -05:00
build/images/logo_color.70.png: 2019-01-04 22:19:53.215306842 -05:00
build/images/js_256.128.png: 2019-01-04 22:19:55.209208316 -05:00
build/images/ae_256.png: 2019-01-04 22:17:29.486880651 -05:00
build/images/bust_square.380.jpg: 2019-01-04 22:19:53.586322495 -05:00
build/images/css3_256.64.png: 2019-01-04 22:19:54.315306850 -05:00
build/images/logo_color.100.png: 2019-01-04 22:19:54.706172454 -05:00
build/images/ai_256.128.png: 2019-01-04 22:19:56.278512128 -05:00
build/images/leaf.png: 2019-01-04 22:17:29.502682941 -05:00
build/images/bubbles.png: 2019-01-04 22:17:29.488808833 -05:00
build/images/toenail.380.png: 2019-01-04 22:20:07.454737064 -05:00
build/images/syringe.380.png: 2019-01-04 22:20:05.238546865 -05:00
build/images/profile.300.jpg: 2019-01-04 22:20:05.625103193 -05:00
build/images/epithelium.png: 2019-01-04 22:17:29.494062646 -05:00
build/images/ai_256.64.png: 2019-01-04 22:20:17.934026251 -05:00
build/images/logo_color.png: 2019-01-04 22:17:29.503694467 -05:00
build/images/shingles.png: 2019-01-04 22:17:29.518345094 -05:00
build/images/syringe.png: 2019-01-04 22:17:29.524754728 -05:00
build/images/html5_256.png: 2019-01-04 22:17:29.495298265 -05:00
build/images/stye.png: 2019-01-04 22:17:29.522760654 -05:00
build/images/photoshop_256.64.png: 2019-01-04 22:20:40.338141183 -05:00
build/images/ae_256.128.png: 2019-01-04 22:20:45.772850562 -05:00
