---
build/images/html5_256.128.png: 2019-01-04 23:00:30.923564199 -05:00
build/images/leaf.350.png: 2019-01-04 23:00:42.942686483 -05:00
build/images/python_256.64.png: 2019-01-04 23:00:28.270762452 -05:00
build/images/toenail.png: 2019-01-04 22:17:29.526777013 -05:00
build/images/skull.jpg: 2019-01-04 22:17:29.519642440 -05:00
build/images/python_256.128.png: 2019-01-04 23:00:32.614782905 -05:00
build/images/petridish.380.png: 2019-01-04 23:00:46.469050074 -05:00
build/images/dna.png: 2019-01-04 22:17:29.493581279 -05:00
build/images/css3_256.128.png: 2019-01-04 23:00:59.382079456 -05:00
build/images/ai_256.png: 2019-01-04 22:17:29.487680439 -05:00
build/images/stye.380.png: 2019-01-04 23:01:08.093019374 -05:00
build/images/joomla_256.64.png: 2019-01-04 23:01:00.200372284 -05:00
build/images/joomla_256.128.png: 2019-01-04 23:01:34.568351460 -05:00
build/images/dna.380.png: 2019-01-04 23:01:42.069484412 -05:00
build/images/shigella.png: 2019-01-04 22:17:29.515474731 -05:00
build/images/joomla_256.png: 2019-01-04 22:17:29.499022976 -05:00
build/images/ae_256.64.png: 2019-01-04 23:01:35.001553921 -05:00
build/images/photoshop_256.128.png: 2019-01-04 23:01:36.743890956 -05:00
build/images/shingles.380.png: 2019-01-04 23:01:50.708094391 -05:00
build/images/skull_half.jpg: 2019-01-04 22:17:29.520119182 -05:00
build/images/petridish.png: 2019-01-04 22:17:29.506661002 -05:00
build/images/bust_square.jpg: 2019-01-04 22:17:29.489664745 -05:00
build/images/python_256.png: 2019-01-04 22:17:29.514351492 -05:00
build/images/photoshop_256.png: 2019-01-04 22:17:29.507686856 -05:00
build/images/il6.png: 2019-01-04 22:17:29.495968608 -05:00
build/images/ipad_lung_light.png: 2019-01-04 22:17:29.497628706 -05:00
build/images/js_256.png: 2019-01-04 22:17:29.499914236 -05:00
build/images/css3_256.png: 2019-01-04 22:17:29.490561519 -05:00
build/images/hand_pen.png: 2019-01-04 22:17:29.494637978 -05:00
build/images/js_256.64.png: 2019-01-04 23:02:51.531536372 -05:00
build/images/profile.600.jpg: 2019-01-04 23:03:07.883589400 -05:00
build/images/html5_256.64.png: 2019-01-04 23:03:07.641057645 -05:00
build/images/profile.jpg: 2019-01-04 22:17:29.511064396 -05:00
build/images/logo_color.70.png: 2019-01-04 23:03:07.788364523 -05:00
build/images/js_256.128.png: 2019-01-04 23:03:10.281254239 -05:00
build/images/ae_256.png: 2019-01-04 22:17:29.486880651 -05:00
build/images/bust_square.380.jpg: 2019-01-04 23:03:08.116792452 -05:00
build/images/css3_256.64.png: 2019-01-04 23:03:08.960643823 -05:00
build/images/logo_color.100.png: 2019-01-04 23:03:09.609321808 -05:00
build/images/ai_256.128.png: 2019-01-04 23:03:11.465080799 -05:00
build/images/leaf.png: 2019-01-04 22:17:29.502682941 -05:00
build/images/bubbles.png: 2019-01-04 22:17:29.488808833 -05:00
build/images/toenail.380.png: 2019-01-04 23:03:24.923142125 -05:00
build/images/syringe.380.png: 2019-01-04 23:03:22.122944186 -05:00
build/images/profile.300.jpg: 2019-01-04 23:03:22.511177769 -05:00
build/images/epithelium.png: 2019-01-04 22:17:29.494062646 -05:00
build/images/ai_256.64.png: 2019-01-04 23:03:37.250369091 -05:00
build/images/logo_color.png: 2019-01-04 22:17:29.503694467 -05:00
build/images/shingles.png: 2019-01-04 22:17:29.518345094 -05:00
build/images/syringe.png: 2019-01-04 22:17:29.524754728 -05:00
build/images/html5_256.png: 2019-01-04 22:17:29.495298265 -05:00
build/images/stye.png: 2019-01-04 22:17:29.522760654 -05:00
build/images/photoshop_256.64.png: 2019-01-04 23:04:06.165032123 -05:00
build/images/ae_256.128.png: 2019-01-04 23:04:14.668015311 -05:00
