---
build/images/html5_256.128.png: 2019-08-29 20:47:50.582617699 -04:00
build/images/leaf.350.png: 2019-08-29 20:48:02.404240322 -04:00
build/images/python_256.64.png: 2019-08-29 20:47:48.698795749 -04:00
build/images/toenail.png: 2019-01-07 19:55:29.052126031 -05:00
build/images/skull.jpg: 2019-01-07 19:55:29.001786170 -05:00
build/images/python_256.128.png: 2019-08-29 20:47:51.989564142 -04:00
build/images/petridish.380.png: 2019-08-29 20:48:05.854003866 -04:00
build/images/dna.png: 2019-01-07 19:55:28.950186488 -05:00
build/images/css3_256.128.png: 2019-08-29 20:48:17.829703761 -04:00
build/images/ai_256.png: 2019-04-16 11:06:05.218831400 -04:00
build/images/stye.380.png: 2019-08-29 20:48:24.372601298 -04:00
build/images/joomla_256.64.png: 2019-08-29 20:48:18.297497842 -04:00
build/images/joomla_256.128.png: 2019-08-29 20:48:47.061641657 -04:00
build/images/dna.380.png: 2019-08-29 20:49:00.231665604 -04:00
build/images/shigella.png: 2019-01-07 19:55:28.985906824 -05:00
build/images/joomla_256.png: 2019-01-07 19:55:28.960839719 -05:00
build/images/photoshop_256.128.png: 2019-08-29 20:48:48.551350058 -04:00
build/images/shingles.380.png: 2019-08-29 20:49:03.287908339 -04:00
build/images/skull_half.jpg: 2019-01-07 19:55:29.002601554 -05:00
build/images/petridish.png: 2019-01-07 19:55:28.974593502 -05:00
build/images/bust_square.jpg: 2019-01-07 19:55:28.942196346 -05:00
build/images/python_256.png: 2019-01-07 19:55:28.984640722 -05:00
build/images/photoshop_256.png: 2019-04-16 11:07:10.547091831 -04:00
build/images/il6.png: 2019-01-07 19:55:28.956370037 -05:00
build/images/ipad_lung_light.png: 2019-01-07 19:55:28.958284051 -05:00
build/images/cell.jpg: 2019-05-12 21:39:47.032742347 -04:00
build/images/js_256.png: 2019-01-07 19:55:28.962276610 -05:00
build/images/css3_256.png: 2019-01-07 19:55:28.944307601 -05:00
build/images/hand_pen.png: 2019-01-07 19:55:28.954397867 -05:00
build/images/js_256.64.png: 2019-08-29 20:50:22.734052043 -04:00
build/images/profile.600.jpg: 2019-08-29 20:50:22.996903030 -04:00
build/images/html5_256.64.png: 2019-08-29 20:50:22.729535089 -04:00
build/images/profile.jpg: 2019-01-07 19:55:28.982906424 -05:00
build/images/phone.png: 2019-04-17 20:23:05.910126062 -04:00
build/images/js_256.128.png: 2019-08-29 20:50:25.196723356 -04:00
build/images/ae_256.png: 2019-01-07 19:55:28.936114843 -05:00
build/images/bust_square.380.jpg: 2019-08-29 20:50:23.846241819 -04:00
build/images/css3_256.64.png: 2019-08-29 20:50:24.221990281 -04:00
build/images/ai_256.128.png: 2019-08-29 20:50:36.557566975 -04:00
build/images/leaf.png: 2019-01-07 19:55:28.967398896 -05:00
build/images/bubbles.png: 2019-01-07 19:55:28.940776930 -05:00
build/images/toenail.380.png: 2019-08-29 20:50:44.688240779 -04:00
build/images/syringe.380.png: 2019-08-29 20:50:43.811644362 -04:00
build/images/profile.300.jpg: 2019-08-29 20:50:44.174060185 -04:00
build/images/epithelium.png: 2019-01-07 19:55:28.951127572 -05:00
build/images/ai_256.64.png: 2019-08-29 20:50:55.511835905 -04:00
build/images/shingles.png: 2019-01-07 19:55:28.997592002 -05:00
build/images/phone.180.png: 2019-08-29 20:50:58.374558646 -04:00
build/images/syringe.png: 2019-01-07 19:55:29.014415164 -05:00
build/images/html5_256.png: 2019-01-07 19:55:28.955650009 -05:00
build/images/stye.png: 2019-01-07 19:55:29.009577778 -05:00
build/images/photoshop_256.64.png: 2019-08-29 20:51:26.332412391 -04:00
