---
build/images/html5_256.128.png: 2019-04-17 20:20:36.606881537 -04:00
build/images/leaf.350.png: 2019-04-17 20:20:50.269900198 -04:00
build/images/python_256.64.png: 2019-04-17 20:20:34.584331167 -04:00
build/images/toenail.png: 2019-01-07 19:55:29.052126031 -05:00
build/images/skull.jpg: 2019-01-07 19:55:29.001786170 -05:00
build/images/python_256.128.png: 2019-04-17 20:20:38.305936933 -04:00
build/images/petridish.380.png: 2019-04-17 20:20:54.586690934 -04:00
build/images/dna.png: 2019-01-07 19:55:28.950186488 -05:00
build/images/css3_256.128.png: 2019-04-17 20:21:11.555422624 -04:00
build/images/ai_256.png: 2019-04-16 11:06:05.218831400 -04:00
build/images/stye.380.png: 2019-04-17 20:21:19.819347191 -04:00
build/images/joomla_256.64.png: 2019-04-17 20:21:12.599268138 -04:00
build/images/joomla_256.128.png: 2019-04-17 20:21:42.916426375 -04:00
build/images/dna.380.png: 2019-04-17 20:21:51.845440746 -04:00
build/images/shigella.png: 2019-01-07 19:55:28.985906824 -05:00
build/images/joomla_256.png: 2019-01-07 19:55:28.960839719 -05:00
build/images/photoshop_256.128.png: 2019-04-17 20:21:44.479878942 -04:00
build/images/shingles.380.png: 2019-04-17 20:21:53.726576034 -04:00
build/images/skull_half.jpg: 2019-01-07 19:55:29.002601554 -05:00
build/images/petridish.png: 2019-01-07 19:55:28.974593502 -05:00
build/images/bust_square.jpg: 2019-01-07 19:55:28.942196346 -05:00
build/images/python_256.png: 2019-01-07 19:55:28.984640722 -05:00
build/images/photoshop_256.png: 2019-04-16 11:07:10.547091831 -04:00
build/images/il6.png: 2019-01-07 19:55:28.956370037 -05:00
build/images/ipad_lung_light.png: 2019-01-07 19:55:28.958284051 -05:00
build/images/js_256.png: 2019-01-07 19:55:28.962276610 -05:00
build/images/css3_256.png: 2019-01-07 19:55:28.944307601 -05:00
build/images/hand_pen.png: 2019-01-07 19:55:28.954397867 -05:00
build/images/js_256.64.png: 2019-04-17 20:22:49.511978223 -04:00
build/images/profile.600.jpg: 2019-04-17 20:23:04.511857359 -04:00
build/images/html5_256.64.png: 2019-04-17 20:23:04.339653362 -04:00
build/images/profile.jpg: 2019-01-07 19:55:28.982906424 -05:00
build/images/phone.png: 2019-04-17 20:23:05.910126062 -04:00
build/images/js_256.128.png: 2019-04-17 20:23:07.885762623 -04:00
build/images/ae_256.png: 2019-01-07 19:55:28.936114843 -05:00
build/images/bust_square.380.jpg: 2019-04-17 20:23:05.707114396 -04:00
build/images/css3_256.64.png: 2019-04-17 20:23:06.133512178 -04:00
build/images/ai_256.128.png: 2019-04-17 20:23:19.780925322 -04:00
build/images/leaf.png: 2019-01-07 19:55:28.967398896 -05:00
build/images/bubbles.png: 2019-01-07 19:55:28.940776930 -05:00
build/images/toenail.380.png: 2019-04-17 20:23:28.994262371 -04:00
build/images/syringe.380.png: 2019-04-17 20:23:27.486437672 -04:00
build/images/profile.300.jpg: 2019-04-17 20:23:27.952251794 -04:00
build/images/epithelium.png: 2019-01-07 19:55:28.951127572 -05:00
build/images/ai_256.64.png: 2019-04-17 20:23:39.511241087 -04:00
build/images/logo_color.png: 2019-01-07 19:55:28.968837294 -05:00
build/images/shingles.png: 2019-01-07 19:55:28.997592002 -05:00
build/images/phone.180.png: 2019-04-17 20:23:43.039866213 -04:00
build/images/syringe.png: 2019-01-07 19:55:29.014415164 -05:00
build/images/html5_256.png: 2019-01-07 19:55:28.955650009 -05:00
build/images/stye.png: 2019-01-07 19:55:29.009577778 -05:00
build/images/photoshop_256.64.png: 2019-04-17 20:24:07.166973398 -04:00
