---
build/images/html5_256.128.png: 2018-12-31 14:13:22.322618660 -05:00
build/images/leaf.350.png: 2018-12-31 14:13:34.632206747 -05:00
build/images/python_256.64.png: 2018-12-31 14:13:20.432984441 -05:00
build/images/toenail.png: 2018-12-31 14:13:13.902255274 -05:00
build/images/skull.jpg: 2018-12-31 14:13:13.897138010 -05:00
build/images/python_256.128.png: 2018-12-31 14:13:24.156491390 -05:00
build/images/petridish.380.png: 2018-12-31 14:13:38.108260785 -05:00
build/images/dna.png: 2018-12-31 14:13:13.871889629 -05:00
build/images/css3_256.128.png: 2018-12-31 14:13:50.630239891 -05:00
build/images/ai_256.png: 2018-12-31 14:13:13.864655491 -05:00
build/images/stye.380.png: 2018-12-31 14:13:58.830851696 -05:00
build/images/joomla_256.64.png: 2018-12-31 14:13:51.365299579 -05:00
build/images/joomla_256.128.png: 2018-12-31 14:14:24.120323027 -05:00
build/images/dna.380.png: 2018-12-31 14:14:32.082245063 -05:00
build/images/shigella.png: 2018-12-31 14:13:13.894371509 -05:00
build/images/joomla_256.png: 2018-12-31 14:13:13.878004310 -05:00
build/images/ae_256.64.png: 2018-12-31 14:14:24.565087591 -05:00
build/images/photoshop_256.128.png: 2018-12-31 14:14:26.567870455 -05:00
build/images/shingles.380.png: 2018-12-31 14:14:40.492562739 -05:00
build/images/skull_half.jpg: 2018-12-31 14:13:13.897439505 -05:00
build/images/petridish.png: 2018-12-31 14:13:13.885045720 -05:00
build/images/bust_square.jpg: 2018-12-31 14:13:13.867525665 -05:00
build/images/python_256.png: 2018-12-31 14:13:13.893455056 -05:00
build/images/photoshop_256.png: 2018-12-31 14:13:13.890365627 -05:00
build/images/il6.png: 2018-12-31 14:13:13.876370956 -05:00
build/images/ipad_lung_light.png: 2018-12-31 14:13:13.877262656 -05:00
build/images/js_256.png: 2018-12-31 14:13:13.878777168 -05:00
build/images/css3_256.png: 2018-12-31 14:13:13.868680035 -05:00
build/images/hand_pen.png: 2018-12-31 14:13:13.873104476 -05:00
build/images/js_256.64.png: 2018-12-31 14:15:34.597560392 -05:00
build/images/profile.600.jpg: 2018-12-31 14:15:49.500704730 -05:00
build/images/html5_256.64.png: 2018-12-31 14:15:49.183762383 -05:00
build/images/profile.jpg: 2018-12-31 14:13:13.892637099 -05:00
build/images/logo_color.70.png: 2018-12-31 14:15:49.336866012 -05:00
build/images/js_256.128.png: 2018-12-31 14:15:51.535112823 -05:00
build/images/ae_256.png: 2018-12-31 14:13:13.863370597 -05:00
build/images/bust_square.380.jpg: 2018-12-31 14:15:49.777299100 -05:00
build/images/css3_256.64.png: 2018-12-31 14:15:50.504315862 -05:00
build/images/logo_color.100.png: 2018-12-31 14:15:50.955167867 -05:00
build/images/ai_256.128.png: 2018-12-31 14:15:52.670673420 -05:00
build/images/leaf.png: 2018-12-31 14:13:13.882286810 -05:00
build/images/bubbles.png: 2018-12-31 14:13:13.866117365 -05:00
build/images/toenail.380.png: 2018-12-31 14:16:04.502105102 -05:00
build/images/syringe.380.png: 2018-12-31 14:16:02.252233220 -05:00
build/images/profile.300.jpg: 2018-12-31 14:16:02.656321753 -05:00
build/images/epithelium.png: 2018-12-31 14:13:13.872434346 -05:00
build/images/ai_256.64.png: 2018-12-31 14:16:15.549411183 -05:00
build/images/logo_color.png: 2018-12-31 14:13:13.882903982 -05:00
build/images/shingles.png: 2018-12-31 14:13:13.896292834 -05:00
build/images/syringe.png: 2018-12-31 14:13:13.900621359 -05:00
build/images/html5_256.png: 2018-12-31 14:13:13.873836005 -05:00
build/images/stye.png: 2018-12-31 14:13:13.899062952 -05:00
build/images/photoshop_256.64.png: 2018-12-31 14:16:58.781688155 -05:00
build/images/ae_256.128.png: 2018-12-31 14:17:08.674679730 -05:00
