---
build/images/html5_256.128.png: 2019-09-03 22:56:26.368930117 -04:00
build/images/leaf.350.png: 2019-09-03 22:56:40.905039953 -04:00
build/images/python_256.64.png: 2019-09-03 22:56:23.039000928 -04:00
build/images/toenail.png: 2019-01-07 19:55:29.052126031 -05:00
build/images/skull.jpg: 2019-01-07 19:55:29.001786170 -05:00
build/images/python_256.128.png: 2019-09-03 22:56:28.885807365 -04:00
build/images/petridish.380.png: 2019-09-03 22:56:44.796740014 -04:00
build/images/dna.png: 2019-01-07 19:55:28.950186488 -05:00
build/images/css3_256.128.png: 2019-09-03 22:57:03.448153305 -04:00
build/images/ai_256.png: 2019-04-16 11:06:05.218831400 -04:00
build/images/stye.380.png: 2019-09-03 22:57:12.540547778 -04:00
build/images/joomla_256.64.png: 2019-09-03 22:57:04.124558813 -04:00
build/images/joomla_256.128.png: 2019-09-03 22:57:36.858123390 -04:00
build/images/dna.380.png: 2019-09-03 22:57:45.570334034 -04:00
build/images/shigella.png: 2019-01-07 19:55:28.985906824 -05:00
build/images/joomla_256.png: 2019-01-07 19:55:28.960839719 -05:00
build/images/photoshop_256.128.png: 2019-09-03 22:57:38.534125199 -04:00
build/images/shingles.380.png: 2019-09-03 22:57:47.930549489 -04:00
build/images/skull_half.jpg: 2019-01-07 19:55:29.002601554 -05:00
build/images/petridish.png: 2019-01-07 19:55:28.974593502 -05:00
build/images/bust_square.jpg: 2019-01-07 19:55:28.942196346 -05:00
build/images/python_256.png: 2019-01-07 19:55:28.984640722 -05:00
build/images/photoshop_256.png: 2019-04-16 11:07:10.547091831 -04:00
build/images/il6.png: 2019-01-07 19:55:28.956370037 -05:00
build/images/ipad_lung_light.png: 2019-01-07 19:55:28.958284051 -05:00
build/images/cell.jpg: 2019-05-12 21:39:47.032742347 -04:00
build/images/js_256.png: 2019-01-07 19:55:28.962276610 -05:00
build/images/css3_256.png: 2019-01-07 19:55:28.944307601 -05:00
build/images/hand_pen.png: 2019-01-07 19:55:28.954397867 -05:00
build/images/js_256.64.png: 2019-09-03 22:59:08.550094010 -04:00
build/images/profile.600.jpg: 2019-09-03 22:59:08.789384554 -04:00
build/images/html5_256.64.png: 2019-09-03 22:59:08.555526620 -04:00
build/images/profile.jpg: 2019-01-07 19:55:28.982906424 -05:00
build/images/phone.png: 2019-04-17 20:23:05.910126062 -04:00
build/images/js_256.128.png: 2019-09-03 22:59:11.780773470 -04:00
build/images/ae_256.png: 2019-01-07 19:55:28.936114843 -05:00
build/images/bust_square.380.jpg: 2019-09-03 22:59:09.813512215 -04:00
build/images/css3_256.64.png: 2019-09-03 22:59:10.266919257 -04:00
build/images/ai_256.128.png: 2019-09-03 22:59:24.103586618 -04:00
build/images/leaf.png: 2019-01-07 19:55:28.967398896 -05:00
build/images/bubbles.png: 2019-01-07 19:55:28.940776930 -05:00
build/images/toenail.380.png: 2019-09-03 22:59:33.477337084 -04:00
build/images/syringe.380.png: 2019-09-03 22:59:31.961743094 -04:00
build/images/profile.300.jpg: 2019-09-03 22:59:32.333764566 -04:00
build/images/epithelium.png: 2019-01-07 19:55:28.951127572 -05:00
build/images/ai_256.64.png: 2019-09-03 22:59:45.022751004 -04:00
build/images/shingles.png: 2019-01-07 19:55:28.997592002 -05:00
build/images/phone.180.png: 2019-09-03 22:59:48.345067466 -04:00
build/images/syringe.png: 2019-01-07 19:55:29.014415164 -05:00
build/images/html5_256.png: 2019-01-07 19:55:28.955650009 -05:00
build/images/stye.png: 2019-01-07 19:55:29.009577778 -05:00
build/images/photoshop_256.64.png: 2019-09-03 23:00:15.459385820 -04:00
