---
build/images/html5_256.128.png: 2018-12-30 22:50:29.374704499 -05:00
build/images/leaf.350.png: 2018-12-30 22:50:40.296339166 -05:00
build/images/python_256.64.png: 2018-12-30 22:50:27.642926940 -05:00
build/images/toenail.png: 2018-12-30 22:50:54.401646964 -05:00
build/images/skull.jpg: 2018-12-30 22:50:30.101382430 -05:00
build/images/python_256.128.png: 2018-12-30 22:50:30.769253629 -05:00
build/images/petridish.380.png: 2018-12-30 22:50:43.565238192 -05:00
build/images/dna.png: 2018-12-30 22:51:28.696455930 -05:00
build/images/css3_256.128.png: 2018-12-30 22:50:56.585229310 -05:00
build/images/ai_256.png: 2018-12-30 22:51:02.259157537 -05:00
build/images/stye.380.png: 2018-12-30 22:51:04.596679701 -05:00
build/images/joomla_256.64.png: 2018-12-30 22:50:57.292708192 -05:00
build/images/joomla_256.128.png: 2018-12-30 22:51:30.224926839 -05:00
build/images/dna.380.png: 2018-12-30 22:51:38.622382993 -05:00
build/images/shigella.png: 2018-12-30 22:51:47.367533163 -05:00
build/images/joomla_256.png: 2018-12-30 22:51:33.951347894 -05:00
build/images/ae_256.64.png: 2018-12-30 22:51:30.641529109 -05:00
build/images/photoshop_256.128.png: 2018-12-30 22:51:32.542269862 -05:00
build/images/shingles.380.png: 2018-12-30 22:51:47.148183254 -05:00
build/images/skull_half.jpg: 2018-12-30 22:51:48.237488366 -05:00
build/images/petridish.png: 2018-12-30 22:52:33.430473723 -05:00
build/images/bust_square.jpg: 2018-12-30 22:51:48.342328978 -05:00
build/images/python_256.png: 2018-12-30 22:51:53.791540473 -05:00
build/images/photoshop_256.png: 2018-12-30 22:51:58.773003591 -05:00
build/images/il6.png: 2018-12-30 22:52:13.525173278 -05:00
build/images/ipad_lung_light.png: 2018-12-30 22:52:56.460398059 -05:00
build/images/js_256.png: 2018-12-30 22:52:42.204483100 -05:00
build/images/css3_256.png: 2018-12-30 22:52:41.362344049 -05:00
build/images/hand_pen.png: 2018-12-30 22:52:37.405971018 -05:00
build/images/js_256.64.png: 2018-12-30 22:52:41.765718860 -05:00
build/images/profile.600.jpg: 2018-12-30 22:52:57.242518794 -05:00
build/images/html5_256.64.png: 2018-12-30 22:52:56.880319517 -05:00
build/images/profile.jpg: 2018-12-30 22:52:57.767965008 -05:00
build/images/logo_color.70.png: 2018-12-30 22:52:56.968461914 -05:00
build/images/js_256.128.png: 2018-12-30 22:52:59.078063673 -05:00
build/images/ae_256.png: 2018-12-30 22:53:02.117820501 -05:00
build/images/bust_square.380.jpg: 2018-12-30 22:52:57.518988955 -05:00
build/images/css3_256.64.png: 2018-12-30 22:52:58.159960905 -05:00
build/images/logo_color.100.png: 2018-12-30 22:52:58.597228903 -05:00
build/images/ai_256.128.png: 2018-12-30 22:53:00.102936615 -05:00
build/images/leaf.png: 2018-12-30 22:53:22.517836035 -05:00
build/images/bubbles.png: 2018-12-30 22:53:16.454098105 -05:00
build/images/toenail.380.png: 2018-12-30 22:53:11.492111006 -05:00
build/images/syringe.380.png: 2018-12-30 22:53:09.326919978 -05:00
build/images/profile.300.jpg: 2018-12-30 22:53:09.719969694 -05:00
build/images/epithelium.png: 2018-12-30 22:53:38.207525031 -05:00
build/images/ai_256.64.png: 2018-12-30 22:53:22.951451916 -05:00
build/images/logo_color.png: 2018-12-30 22:53:32.763491072 -05:00
build/images/shingles.png: 2018-12-30 22:53:51.773877021 -05:00
build/images/syringe.png: 2018-12-30 22:53:58.602071251 -05:00
build/images/html5_256.png: 2018-12-30 22:53:46.166325802 -05:00
build/images/stye.png: 2018-12-30 22:54:02.458475806 -05:00
build/images/photoshop_256.64.png: 2018-12-30 22:53:46.605295321 -05:00
build/images/ae_256.128.png: 2018-12-30 22:53:53.436130035 -05:00
