---
build/images/html5_256.128.png: 2019-04-16 11:26:12.560983421 -04:00
build/images/leaf.350.png: 2019-04-16 11:26:31.237926120 -04:00
build/images/python_256.64.png: 2019-04-16 11:26:10.564655760 -04:00
build/images/toenail.png: 2019-01-07 19:55:29.052126031 -05:00
build/images/skull.jpg: 2019-01-07 19:55:29.001786170 -05:00
build/images/python_256.128.png: 2019-04-16 11:26:14.238354529 -04:00
build/images/petridish.380.png: 2019-04-16 11:26:36.901936650 -04:00
build/images/dna.png: 2019-01-07 19:55:28.950186488 -05:00
build/images/css3_256.128.png: 2019-04-16 11:26:55.582910957 -04:00
build/images/ai_256.png: 2019-04-16 11:06:05.218831400 -04:00
build/images/stye.380.png: 2019-04-16 11:27:03.278565339 -04:00
build/images/joomla_256.64.png: 2019-04-16 11:26:56.120573723 -04:00
build/images/joomla_256.128.png: 2019-04-16 11:27:32.674832253 -04:00
build/images/dna.380.png: 2019-04-16 11:27:45.059271550 -04:00
build/images/shigella.png: 2019-01-07 19:55:28.985906824 -05:00
build/images/joomla_256.png: 2019-01-07 19:55:28.960839719 -05:00
build/images/photoshop_256.128.png: 2019-04-16 11:27:34.798595697 -04:00
build/images/shingles.380.png: 2019-04-16 11:27:47.222469783 -04:00
build/images/skull_half.jpg: 2019-01-07 19:55:29.002601554 -05:00
build/images/petridish.png: 2019-01-07 19:55:28.974593502 -05:00
build/images/bust_square.jpg: 2019-01-07 19:55:28.942196346 -05:00
build/images/python_256.png: 2019-01-07 19:55:28.984640722 -05:00
build/images/photoshop_256.png: 2019-04-16 11:07:10.547091831 -04:00
build/images/il6.png: 2019-01-07 19:55:28.956370037 -05:00
build/images/ipad_lung_light.png: 2019-01-07 19:55:28.958284051 -05:00
build/images/js_256.png: 2019-01-07 19:55:28.962276610 -05:00
build/images/css3_256.png: 2019-01-07 19:55:28.944307601 -05:00
build/images/hand_pen.png: 2019-01-07 19:55:28.954397867 -05:00
build/images/js_256.64.png: 2019-04-16 11:29:08.266826282 -04:00
build/images/profile.600.jpg: 2019-04-16 11:29:25.758870470 -04:00
build/images/html5_256.64.png: 2019-04-16 11:29:25.478649069 -04:00
build/images/profile.jpg: 2019-01-07 19:55:28.982906424 -05:00
build/images/phone.png: 2019-04-16 11:08:37.078359439 -04:00
build/images/js_256.128.png: 2019-04-16 11:29:28.389934977 -04:00
build/images/ae_256.png: 2019-01-07 19:55:28.936114843 -05:00
build/images/bust_square.380.jpg: 2019-04-16 11:29:26.719449136 -04:00
build/images/css3_256.64.png: 2019-04-16 11:29:27.134480292 -04:00
build/images/ai_256.128.png: 2019-04-16 11:29:43.411000516 -04:00
build/images/leaf.png: 2019-01-07 19:55:28.967398896 -05:00
build/images/bubbles.png: 2019-01-07 19:55:28.940776930 -05:00
build/images/toenail.380.png: 2019-04-16 11:29:54.893784932 -04:00
build/images/syringe.380.png: 2019-04-16 11:29:52.736288778 -04:00
build/images/profile.300.jpg: 2019-04-16 11:29:53.260258638 -04:00
build/images/epithelium.png: 2019-01-07 19:55:28.951127572 -05:00
build/images/ai_256.64.png: 2019-04-16 11:30:09.966451094 -04:00
build/images/logo_color.png: 2019-01-07 19:55:28.968837294 -05:00
build/images/shingles.png: 2019-01-07 19:55:28.997592002 -05:00
build/images/phone.180.png: 2019-04-16 11:30:14.777658970 -04:00
build/images/syringe.png: 2019-01-07 19:55:29.014415164 -05:00
build/images/html5_256.png: 2019-01-07 19:55:28.955650009 -05:00
build/images/stye.png: 2019-01-07 19:55:29.009577778 -05:00
build/images/photoshop_256.64.png: 2019-04-16 11:30:50.619298201 -04:00
