---
build/images/html5_256.128.png: 2019-04-16 11:05:32.111521005 -04:00
build/images/leaf.350.png: 2019-04-16 11:05:46.704554710 -04:00
build/images/python_256.64.png: 2019-04-16 11:05:29.840150495 -04:00
build/images/toenail.png: 2019-01-07 19:55:29.052126031 -05:00
build/images/skull.jpg: 2019-01-07 19:55:29.001786170 -05:00
build/images/python_256.128.png: 2019-04-16 11:05:34.025040420 -04:00
build/images/petridish.380.png: 2019-04-16 11:05:50.562527439 -04:00
build/images/dna.png: 2019-01-07 19:55:28.950186488 -05:00
build/images/css3_256.128.png: 2019-04-16 11:06:05.356474649 -04:00
build/images/ai_256.png: 2019-04-16 11:06:05.218831400 -04:00
build/images/stye.380.png: 2019-04-16 11:06:12.879995517 -04:00
build/images/joomla_256.64.png: 2019-04-16 11:06:05.966388495 -04:00
build/images/joomla_256.128.png: 2019-04-16 11:06:42.108453694 -04:00
build/images/dna.380.png: 2019-04-16 11:06:57.589407223 -04:00
build/images/shigella.png: 2019-01-07 19:55:28.985906824 -05:00
build/images/joomla_256.png: 2019-01-07 19:55:28.960839719 -05:00
build/images/photoshop_256.128.png: 2019-04-16 11:06:44.511831940 -04:00
build/images/shingles.380.png: 2019-04-16 11:07:00.095607414 -04:00
build/images/skull_half.jpg: 2019-01-07 19:55:29.002601554 -05:00
build/images/petridish.png: 2019-01-07 19:55:28.974593502 -05:00
build/images/bust_square.jpg: 2019-01-07 19:55:28.942196346 -05:00
build/images/python_256.png: 2019-01-07 19:55:28.984640722 -05:00
build/images/photoshop_256.png: 2019-04-16 11:07:10.547091831 -04:00
build/images/il6.png: 2019-01-07 19:55:28.956370037 -05:00
build/images/ipad_lung_light.png: 2019-01-07 19:55:28.958284051 -05:00
build/images/js_256.png: 2019-01-07 19:55:28.962276610 -05:00
build/images/css3_256.png: 2019-01-07 19:55:28.944307601 -05:00
build/images/hand_pen.png: 2019-01-07 19:55:28.954397867 -05:00
build/images/js_256.64.png: 2019-04-16 11:08:10.382203476 -04:00
build/images/profile.600.jpg: 2019-04-16 11:08:27.610255716 -04:00
build/images/html5_256.64.png: 2019-04-16 11:08:27.220258828 -04:00
build/images/profile.jpg: 2019-01-07 19:55:28.982906424 -05:00
build/images/phone.png: 2019-04-16 11:08:37.078359439 -04:00
build/images/js_256.128.png: 2019-04-16 11:08:31.011718683 -04:00
build/images/ae_256.png: 2019-01-07 19:55:28.936114843 -05:00
build/images/bust_square.380.jpg: 2019-04-16 11:08:28.588697762 -04:00
build/images/css3_256.64.png: 2019-04-16 11:08:29.006390687 -04:00
build/images/ai_256.128.png: 2019-04-16 11:08:45.851457292 -04:00
build/images/leaf.png: 2019-01-07 19:55:28.967398896 -05:00
build/images/bubbles.png: 2019-01-07 19:55:28.940776930 -05:00
build/images/toenail.380.png: 2019-04-16 11:08:55.908816932 -04:00
build/images/phone.350.png: 2019-04-16 11:08:46.923392758 -04:00
build/images/syringe.380.png: 2019-04-16 11:09:07.131225305 -04:00
build/images/profile.300.jpg: 2019-04-16 11:09:10.529690866 -04:00
build/images/epithelium.png: 2019-01-07 19:55:28.951127572 -05:00
build/images/ai_256.64.png: 2019-04-16 11:09:10.425357255 -04:00
build/images/logo_color.png: 2019-01-07 19:55:28.968837294 -05:00
build/images/shingles.png: 2019-01-07 19:55:28.997592002 -05:00
build/images/syringe.png: 2019-01-07 19:55:29.014415164 -05:00
build/images/html5_256.png: 2019-01-07 19:55:28.955650009 -05:00
build/images/stye.png: 2019-01-07 19:55:29.009577778 -05:00
build/images/photoshop_256.64.png: 2019-04-16 11:09:38.538799134 -04:00
