---
build/images/html5_256.128.png: 2019-04-18 12:15:18.597043176 -04:00
build/images/leaf.350.png: 2019-04-18 12:15:32.589072744 -04:00
build/images/python_256.64.png: 2019-04-18 12:15:16.666271245 -04:00
build/images/toenail.png: 2019-01-07 19:55:29.052126031 -05:00
build/images/skull.jpg: 2019-01-07 19:55:29.001786170 -05:00
build/images/python_256.128.png: 2019-04-18 12:15:20.228066502 -04:00
build/images/petridish.380.png: 2019-04-18 12:15:36.149434341 -04:00
build/images/dna.png: 2019-01-07 19:55:28.950186488 -05:00
build/images/css3_256.128.png: 2019-04-18 12:15:48.340581297 -04:00
build/images/ai_256.png: 2019-04-16 11:06:05.218831400 -04:00
build/images/stye.380.png: 2019-04-18 12:15:55.401476907 -04:00
build/images/joomla_256.64.png: 2019-04-18 12:15:48.868969066 -04:00
build/images/joomla_256.128.png: 2019-04-18 12:16:22.756380460 -04:00
build/images/dna.380.png: 2019-04-18 12:16:33.511545724 -04:00
build/images/shigella.png: 2019-01-07 19:55:28.985906824 -05:00
build/images/joomla_256.png: 2019-01-07 19:55:28.960839719 -05:00
build/images/photoshop_256.128.png: 2019-04-18 12:16:24.332381226 -04:00
build/images/shingles.380.png: 2019-04-18 12:16:35.509663942 -04:00
build/images/skull_half.jpg: 2019-01-07 19:55:29.002601554 -05:00
build/images/petridish.png: 2019-01-07 19:55:28.974593502 -05:00
build/images/bust_square.jpg: 2019-01-07 19:55:28.942196346 -05:00
build/images/python_256.png: 2019-01-07 19:55:28.984640722 -05:00
build/images/photoshop_256.png: 2019-04-16 11:07:10.547091831 -04:00
build/images/il6.png: 2019-01-07 19:55:28.956370037 -05:00
build/images/ipad_lung_light.png: 2019-01-07 19:55:28.958284051 -05:00
build/images/js_256.png: 2019-01-07 19:55:28.962276610 -05:00
build/images/css3_256.png: 2019-01-07 19:55:28.944307601 -05:00
build/images/hand_pen.png: 2019-01-07 19:55:28.954397867 -05:00
build/images/js_256.64.png: 2019-04-18 12:17:33.018095215 -04:00
build/images/profile.600.jpg: 2019-04-18 12:17:47.605176256 -04:00
build/images/html5_256.64.png: 2019-04-18 12:17:47.315140380 -04:00
build/images/profile.jpg: 2019-01-07 19:55:28.982906424 -05:00
build/images/phone.png: 2019-04-17 20:23:05.910126062 -04:00
build/images/js_256.128.png: 2019-04-18 12:17:49.805699343 -04:00
build/images/ae_256.png: 2019-01-07 19:55:28.936114843 -05:00
build/images/bust_square.380.jpg: 2019-04-18 12:17:48.470646279 -04:00
build/images/css3_256.64.png: 2019-04-18 12:17:48.870198196 -04:00
build/images/ai_256.128.png: 2019-04-18 12:18:00.858043295 -04:00
build/images/leaf.png: 2019-01-07 19:55:28.967398896 -05:00
build/images/bubbles.png: 2019-01-07 19:55:28.940776930 -05:00
build/images/toenail.380.png: 2019-04-18 12:18:08.993408577 -04:00
build/images/syringe.380.png: 2019-04-18 12:18:07.996620611 -04:00
build/images/profile.300.jpg: 2019-04-18 12:18:08.384557071 -04:00
build/images/epithelium.png: 2019-01-07 19:55:28.951127572 -05:00
build/images/ai_256.64.png: 2019-04-18 12:18:20.842020444 -04:00
build/images/logo_color.png: 2019-01-07 19:55:28.968837294 -05:00
build/images/shingles.png: 2019-01-07 19:55:28.997592002 -05:00
build/images/phone.180.png: 2019-04-18 12:18:23.706948572 -04:00
build/images/syringe.png: 2019-01-07 19:55:29.014415164 -05:00
build/images/html5_256.png: 2019-01-07 19:55:28.955650009 -05:00
build/images/stye.png: 2019-01-07 19:55:29.009577778 -05:00
build/images/photoshop_256.64.png: 2019-04-18 12:18:46.429274289 -04:00
