---
build/images/html5_256.128.png: 2019-04-25 11:05:01.477805486 -04:00
build/images/leaf.350.png: 2019-04-25 11:05:13.045537953 -04:00
build/images/python_256.64.png: 2019-04-25 11:04:59.350671746 -04:00
build/images/toenail.png: 2019-01-07 19:55:29.052126031 -05:00
build/images/skull.jpg: 2019-01-07 19:55:29.001786170 -05:00
build/images/python_256.128.png: 2019-04-25 11:05:03.114387938 -04:00
build/images/petridish.380.png: 2019-04-25 11:05:16.490672257 -04:00
build/images/dna.png: 2019-01-07 19:55:28.950186488 -05:00
build/images/css3_256.128.png: 2019-04-25 11:05:29.182744638 -04:00
build/images/ai_256.png: 2019-04-16 11:06:05.218831400 -04:00
build/images/stye.380.png: 2019-04-25 11:05:36.240501274 -04:00
build/images/joomla_256.64.png: 2019-04-25 11:05:29.773054006 -04:00
build/images/joomla_256.128.png: 2019-04-25 11:06:01.442703273 -04:00
build/images/dna.380.png: 2019-04-25 11:06:10.412014114 -04:00
build/images/shigella.png: 2019-01-07 19:55:28.985906824 -05:00
build/images/joomla_256.png: 2019-01-07 19:55:28.960839719 -05:00
build/images/photoshop_256.128.png: 2019-04-25 11:06:03.045293439 -04:00
build/images/shingles.380.png: 2019-04-25 11:06:12.631235137 -04:00
build/images/skull_half.jpg: 2019-01-07 19:55:29.002601554 -05:00
build/images/petridish.png: 2019-01-07 19:55:28.974593502 -05:00
build/images/bust_square.jpg: 2019-01-07 19:55:28.942196346 -05:00
build/images/python_256.png: 2019-01-07 19:55:28.984640722 -05:00
build/images/photoshop_256.png: 2019-04-16 11:07:10.547091831 -04:00
build/images/il6.png: 2019-01-07 19:55:28.956370037 -05:00
build/images/ipad_lung_light.png: 2019-01-07 19:55:28.958284051 -05:00
build/images/js_256.png: 2019-01-07 19:55:28.962276610 -05:00
build/images/css3_256.png: 2019-01-07 19:55:28.944307601 -05:00
build/images/hand_pen.png: 2019-01-07 19:55:28.954397867 -05:00
build/images/js_256.64.png: 2019-04-25 11:07:10.043422061 -04:00
build/images/profile.600.jpg: 2019-04-25 11:07:25.693152772 -04:00
build/images/html5_256.64.png: 2019-04-25 11:07:25.406136829 -04:00
build/images/profile.jpg: 2019-01-07 19:55:28.982906424 -05:00
build/images/phone.png: 2019-04-17 20:23:05.910126062 -04:00
build/images/js_256.128.png: 2019-04-25 11:07:28.087783961 -04:00
build/images/ae_256.png: 2019-01-07 19:55:28.936114843 -05:00
build/images/bust_square.380.jpg: 2019-04-25 11:07:26.612777488 -04:00
build/images/css3_256.64.png: 2019-04-25 11:07:27.019499680 -04:00
build/images/ai_256.128.png: 2019-04-25 11:07:39.894868966 -04:00
build/images/leaf.png: 2019-01-07 19:55:28.967398896 -05:00
build/images/bubbles.png: 2019-01-07 19:55:28.940776930 -05:00
build/images/toenail.380.png: 2019-04-25 11:07:48.665820789 -04:00
build/images/syringe.380.png: 2019-04-25 11:07:47.569404589 -04:00
build/images/profile.300.jpg: 2019-04-25 11:07:47.965051596 -04:00
build/images/epithelium.png: 2019-01-07 19:55:28.951127572 -05:00
build/images/ai_256.64.png: 2019-04-25 11:07:59.880397941 -04:00
build/images/logo_color.png: 2019-01-07 19:55:28.968837294 -05:00
build/images/shingles.png: 2019-01-07 19:55:28.997592002 -05:00
build/images/phone.180.png: 2019-04-25 11:08:03.087014008 -04:00
build/images/syringe.png: 2019-01-07 19:55:29.014415164 -05:00
build/images/html5_256.png: 2019-01-07 19:55:28.955650009 -05:00
build/images/stye.png: 2019-01-07 19:55:29.009577778 -05:00
build/images/photoshop_256.64.png: 2019-04-25 11:08:27.578990793 -04:00
