---
build/images/html5_256.128.png: 2019-04-18 12:40:28.644489915 -04:00
build/images/leaf.350.png: 2019-04-18 12:40:42.433038482 -04:00
build/images/python_256.64.png: 2019-04-18 12:40:26.368064159 -04:00
build/images/toenail.png: 2019-01-07 19:55:29.052126031 -05:00
build/images/skull.jpg: 2019-01-07 19:55:29.001786170 -05:00
build/images/python_256.128.png: 2019-04-18 12:40:30.539459781 -04:00
build/images/petridish.380.png: 2019-04-18 12:40:45.974630677 -04:00
build/images/dna.png: 2019-01-07 19:55:28.950186488 -05:00
build/images/css3_256.128.png: 2019-04-18 12:40:58.256273375 -04:00
build/images/ai_256.png: 2019-04-16 11:06:05.218831400 -04:00
build/images/stye.380.png: 2019-04-18 12:41:04.813713501 -04:00
build/images/joomla_256.64.png: 2019-04-18 12:40:58.858216503 -04:00
build/images/joomla_256.128.png: 2019-04-18 12:41:27.453239918 -04:00
build/images/dna.380.png: 2019-04-18 12:41:35.652067703 -04:00
build/images/shigella.png: 2019-01-07 19:55:28.985906824 -05:00
build/images/joomla_256.png: 2019-01-07 19:55:28.960839719 -05:00
build/images/photoshop_256.128.png: 2019-04-18 12:41:28.924148073 -04:00
build/images/shingles.380.png: 2019-04-18 12:41:37.659345700 -04:00
build/images/skull_half.jpg: 2019-01-07 19:55:29.002601554 -05:00
build/images/petridish.png: 2019-01-07 19:55:28.974593502 -05:00
build/images/bust_square.jpg: 2019-01-07 19:55:28.942196346 -05:00
build/images/python_256.png: 2019-01-07 19:55:28.984640722 -05:00
build/images/photoshop_256.png: 2019-04-16 11:07:10.547091831 -04:00
build/images/il6.png: 2019-01-07 19:55:28.956370037 -05:00
build/images/ipad_lung_light.png: 2019-01-07 19:55:28.958284051 -05:00
build/images/js_256.png: 2019-01-07 19:55:28.962276610 -05:00
build/images/css3_256.png: 2019-01-07 19:55:28.944307601 -05:00
build/images/hand_pen.png: 2019-01-07 19:55:28.954397867 -05:00
build/images/js_256.64.png: 2019-04-18 12:42:31.358602231 -04:00
build/images/profile.600.jpg: 2019-04-18 12:42:46.033677106 -04:00
build/images/html5_256.64.png: 2019-04-18 12:42:45.730427575 -04:00
build/images/profile.jpg: 2019-01-07 19:55:28.982906424 -05:00
build/images/phone.png: 2019-04-17 20:23:05.910126062 -04:00
build/images/js_256.128.png: 2019-04-18 12:42:48.284258409 -04:00
build/images/ae_256.png: 2019-01-07 19:55:28.936114843 -05:00
build/images/bust_square.380.jpg: 2019-04-18 12:42:46.918735133 -04:00
build/images/css3_256.64.png: 2019-04-18 12:42:47.327315289 -04:00
build/images/ai_256.128.png: 2019-04-18 12:42:58.986002362 -04:00
build/images/leaf.png: 2019-01-07 19:55:28.967398896 -05:00
build/images/bubbles.png: 2019-01-07 19:55:28.940776930 -05:00
build/images/toenail.380.png: 2019-04-18 12:43:06.903063804 -04:00
build/images/syringe.380.png: 2019-04-18 12:43:05.984741321 -04:00
build/images/profile.300.jpg: 2019-04-18 12:43:06.363321298 -04:00
build/images/epithelium.png: 2019-01-07 19:55:28.951127572 -05:00
build/images/ai_256.64.png: 2019-04-18 12:43:17.385691105 -04:00
build/images/logo_color.png: 2019-01-07 19:55:28.968837294 -05:00
build/images/shingles.png: 2019-01-07 19:55:28.997592002 -05:00
build/images/phone.180.png: 2019-04-18 12:43:20.291431925 -04:00
build/images/syringe.png: 2019-01-07 19:55:29.014415164 -05:00
build/images/html5_256.png: 2019-01-07 19:55:28.955650009 -05:00
build/images/stye.png: 2019-01-07 19:55:29.009577778 -05:00
build/images/photoshop_256.64.png: 2019-04-18 12:43:44.673079233 -04:00
